환경: Python 3.14.7, NumPy 2.5.3, PyTorch 2.14.0, macOS arm64, CPU
실행일: 2026-09-22
명령: python3 conv_numpy.py
seed: NumPy default_rng(0)
소요: 0.2초

## 4x4 입력, 2x2 커널
 [[ 0. -1. -1.]
 [-1.  1.  3.]
 [ 2.  0. -2.]]
## 4x4 max pooling (2x2, stride 2)
 [[5. 2.]
 [2. 6.]]
## 고양이 x 세로 에지 커널 (10, 10)
[[ 2 -3 -1  0  0  0  0  1  3 -2]
 [ 1 -2  1  0  0  0  0 -1  2 -1]
 [ 0 -2  2 -1 -1  1  1 -2  2  0]
 [ 0 -1  3 -3 -3  3  3 -3  1  0]
 [ 0 -1  3 -3 -3  3  3 -3  1  0]
 [ 0 -3  1  0  0  0  0 -1  3  0]
 [ 0 -4 -1  3  3 -3 -3  1  4  0]
 [ 0 -4 -1  3  2 -2 -3  1  4  0]
 [ 1 -3  0  1 -1  1 -1  0  3 -1]
 [ 2  0  0  0 -1  1  0  0  0 -2]]
## 고양이 x 가로 에지 커널
[[ 0  1  3  4  4  4  4  3  1  0]
 [-1 -2 -1  0  0  0  0 -1 -2 -1]
 [ 0  0  0 -1 -3 -3 -1  0  0  0]
 [ 0  1  3  3  1  1  3  3  1  0]
 [ 0 -1 -3 -3 -1 -1 -3 -3 -1  0]
 [ 0 -1 -3 -2  2  2 -2 -3 -1  0]
 [ 2  2  1  1  3  3  1  1  2  2]
 [ 0  0  1  1 -2 -2  1  1  0  0]
 [-3 -1  0 -1 -3 -3 -1  0 -1 -3]
 [-2  0  2  2  3  3  2  2  0 -2]]
## 세로 에지 map에 ReLU, 2x2 max pooling
[[2 1 0 1 3]
 [0 3 3 3 2]
 [0 3 3 3 3]
 [0 3 3 1 4]
 [2 1 1 0 3]]
## stride 2일 때 출력 크기: (5, 5)
## conv1과 같은 모양의 layer (입력 3x67x67)
출력 shape: (96, 15, 15)  파라미터 수: 34944
im2col 결과가 반복문 결과와 같은가: True
im2col 행렬 shape: (225, 363)
